1763196418970 56.57762582605627 1
1763196429376 35.88191273657934 2
1763196435955 16.362512544366766 3
1763196442611 14.665184421499394 4
1763196449408 13.831863879132975 5
1763196456824 13.357551112103934 6
1763196464335 12.9204480284813 7
1763196475695 13.008200938830258 8
1763196490030 12.311621531933381 9
1763196504753 12.050251579140665 10
1763196519563 11.492376026362795 11
1763196533720 11.356405671007185 12
1763196547710 10.748969476631311 13
1763196561757 10.379747811244886 14
1763196576302 10.217754667898078 15
1763196591439 9.560656923566032 16
1763196607017 9.535774491813486 17
1763196621986 9.425403315292709 18
1763196636799 8.903591643805875 19
1763196653595 8.844020834035131 20
1763196670563 8.623458460032088 21
1763196687376 8.579607803693737 22
1763196704347 8.480888908365257 23
1763196721064 8.443190153338602 24
1763196737314 8.09510035465669 25
1763196754150 7.901042522331509 26
1763196771341 7.684090264392662 27
1763196788799 7.728532874163798 28
1763196804985 7.658672333210918 29
1763196821812 7.649778765988012 30
1763196838736 7.5529838737349 31
1763196855674 7.414857080261596 32
1763196870908 7.556513978245159 33
1763196886045 7.411985231504254 34
1763196901126 7.341587753071712 35
1763196917598 7.418572922156039 36
1763196932595 7.343204899401011 37
1763196947503 7.370893401027511 38
1763196962455 7.349507151720822 39
1763196978454 7.232503818586747 40
