1763196418970 -0.7463298667278402 1
1763196429376 0.2975943202587501 2
1763196435955 0.8539381394775198 3
1763196442611 0.8826692353682366 4
1763196449408 0.8956245752060308 5
1763196456826 0.9026601813805961 6
1763196464337 0.9089265077097152 7
1763196475697 0.9076852034083968 8
1763196490032 0.9173072649620571 9
1763196504753 0.9207810519142012 10
1763196519563 0.9279462649368205 11
1763196533720 0.929641165110624 12
1763196547712 0.9369666335057496 13
1763196561759 0.9412225897301174 14
1763196576302 0.9430429109834024 15
1763196591439 0.9501331068063328 16
1763196607017 0.9503923347902912 17
1763196621986 0.9515340501037434 18
1763196636801 0.9567518723966378 19
1763196653595 0.9573286525182394 20
1763196670566 0.9594304869779522 21
1763196687376 0.9598420333746729 22
1763196704347 0.9607608499086006 23
1763196721064 0.9611089217549753 24
1763196737330 0.9642495660781483 25
1763196754152 0.9659430586412303 26
1763196771345 0.9677876982282138 27
1763196788799 0.9674140069545059 28
1763196804985 0.9680004536361273 29
1763196821815 0.9680747288800351 30
1763196838736 0.9688775370785443 31
1763196855674 0.9700054457437217 32
1763196870908 0.968848438321555 33
1763196886049 0.9700286756296186 34
1763196901126 0.9705952946594839 35
1763196917600 0.9699753755894109 36
1763196932595 0.97058233916537 37
1763196947518 0.9703600747432073 38
1763196962455 0.9705318225090004 39
1763196978456 0.9714626142001527 40
