1763196418970 46.98749792078388 1
1763196429376 29.393122199732105 2
1763196435955 12.114629643563333 3
1763196442611 10.717656816256428 4
1763196449408 10.057371275038678 5
1763196456824 9.707525736760685 6
1763196464333 9.363593425299173 7
1763196475693 9.358686955796955 8
1763196490028 8.863813814252165 9
1763196504753 8.763780573433676 10
1763196519563 8.327410422293388 11
1763196533720 8.2916789640977 12
1763196547708 7.805034617067382 13
1763196561754 7.537030709133493 14
1763196576287 7.478826181687283 15
1763196591439 7.002908393185705 16
1763196607017 6.963183905879181 17
1763196621986 6.933218044557865 18
1763196636797 6.546494258879153 19
1763196653595 6.4561713511960575 20
1763196670559 6.315377186323011 21
1763196687376 6.282627511124321 22
1763196704347 6.190339994803183 23
1763196721064 6.196211856913859 24
1763196737314 5.9348894637384495 25
1763196754148 5.762101858288201 26
1763196771339 5.615829387990044 27
1763196788799 5.646585978868476 28
1763196804985 5.6015680202985285 29
1763196821809 5.595662693576366 30
1763196838736 5.4891330651580095 31
1763196855658 5.420059862636607 32
1763196870908 5.531557716854917 33
1763196886045 5.367375518305374 34
1763196901126 5.318018648774546 35
1763196917594 5.373256077229389 36
1763196932595 5.332238425359447 37
1763196947503 5.326413717810672 38
1763196962439 5.283288953584574 39
1763196978452 5.2096448914888125 40
