1763196418970 3201.027761556915 1
1763196429376 1287.5116616676141 2
1763196435955 267.7318144309603 3
1763196442611 215.06763306942094 4
1763196449408 191.3204573284107 5
1763196456818 178.4241721849045 6
1763196464327 166.9379771486785 7
1763196475688 169.21329160753638 8
1763196490022 151.5760252527801 9
1763196504753 145.2085640348434 10
1763196519563 132.0747065656812 11
1763196533705 128.9679493426278 12
1763196547704 115.54034467646365 13
1763196561748 107.73916454811564 14
1763196576287 104.4025109439705 15
1763196591423 91.4061608960662 16
1763196607017 90.93099503626982 17
1763196621970 88.83822777668516 18
1763196636791 79.27394404797863 19
1763196653595 78.21670509062233 20
1763196670552 74.3640359917908 21
1763196687374 73.60967020713174 22
1763196704331 71.92547662879335 23
1763196721048 71.28746009949899 24
1763196737314 65.53064987954001 25
1763196754142 62.426472861574965 26
1763196771334 59.04524297711381 27
1763196788794 59.73022084602724 28
1763196804985 58.65526167732351 29
1763196821804 58.51911544913915 30
1763196838736 57.04756538489248 31
1763196855658 54.980105172721274 32
1763196870908 57.10090318726024 33
1763196886039 54.937524918200474 34
1763196901123 53.898910773502934 35
1763196917590 55.03522424358399 36
1763196932579 53.922657966899045 37
1763196947503 54.330069733350676 38
1763196962439 54.01525567728283 39
1763196978446 52.30911182308853 40
