1763194513720 -0.7463298667278402 1
1763194523969 0.2975943202587501 2
1763194530426 0.8539381394775198 3
1763194536880 0.8826692353682366 4
1763194543403 0.8956245752060308 5
1763194551152 0.9026601813805961 6
1763194559213 0.9089265077097152 7
1763194570488 0.9076852034083968 8
1763194585877 0.9173072649620571 9
1763194601658 0.9207810519142012 10
1763194619516 0.9279462649368205 11
1763194641132 0.929641165110624 12
1763194659208 0.9369666335057496 13
1763194677252 0.9412225897301174 14
1763194695288 0.9430429109834024 15
1763194750465 0.9501331068063328 16
1763194805844 0.9503923347902912 17
1763194861536 0.9515340501037434 18
1763194917037 0.9567518723966378 19
1763194972539 0.9573286525182394 20
1763195027566 0.9594304869779522 21
1763195080336 0.9598420333746729 22
1763195097924 0.9607608499086006 23
1763195113586 0.9611089217549753 24
1763195129516 0.9642495660781483 25
1763195145532 0.9659430586412303 26
1763195161587 0.9677876982282138 27
1763195177759 0.9674140069545059 28
1763195194895 0.9680004536361273 29
1763195212832 0.9680747288800351 30
1763195230316 0.9688775370785443 31
1763195246643 0.9700054457437217 32
1763195265597 0.968848438321555 33
1763195283585 0.9700286756296186 34
1763195301633 0.9705952946594839 35
1763195319409 0.9699753755894109 36
1763195337174 0.97058233916537 37
1763195355376 0.9703600747432073 38
1763195373488 0.9705318225090004 39
1763195392238 0.9714626142001527 40
