1763194513705 3201.027761556915 1
1763194523962 1287.5116616676141 2
1763194530424 267.7318144309603 3
1763194536872 215.06763306942094 4
1763194543395 191.3204573284107 5
1763194551140 178.4241721849045 6
1763194559205 166.9379771486785 7
1763194570481 169.21329160753638 8
1763194585872 151.5760252527801 9
1763194601642 145.2085640348434 10
1763194619498 132.0747065656812 11
1763194641122 128.9679493426278 12
1763194659205 115.54034467646365 13
1763194677236 107.73916454811564 14
1763194695276 104.4025109439705 15
1763194750441 91.4061608960662 16
1763194805813 90.93099503626982 17
1763194861498 88.83822777668516 18
1763194916993 79.27394404797863 19
1763194972507 78.21670509062233 20
1763195027534 74.3640359917908 21
1763195080325 73.60967020713174 22
1763195097908 71.92547662879335 23
1763195113564 71.28746009949899 24
1763195129501 65.53064987954001 25
1763195145529 62.426472861574965 26
1763195161580 59.04524297711381 27
1763195177735 59.73022084602724 28
1763195194876 58.65526167732351 29
1763195212821 58.51911544913915 30
1763195230306 57.04756538489248 31
1763195246637 54.980105172721274 32
1763195265587 57.10090318726024 33
1763195283564 54.937524918200474 34
1763195301610 53.898910773502934 35
1763195319409 55.03522424358399 36
1763195337158 53.922657966899045 37
1763195355376 54.330069733350676 38
1763195373470 54.01525567728283 39
1763195392231 52.30911182308853 40
