1763194513720 56.57762582605627 1
1763194523967 35.88191273657934 2
1763194530426 16.362512544366766 3
1763194536878 14.665184421499394 4
1763194543401 13.831863879132975 5
1763194551148 13.357551112103934 6
1763194559213 12.9204480284813 7
1763194570486 13.008200938830258 8
1763194585877 12.311621531933381 9
1763194601658 12.050251579140665 10
1763194619512 11.492376026362795 11
1763194641130 11.356405671007185 12
1763194659208 10.748969476631311 13
1763194677236 10.379747811244886 14
1763194695284 10.217754667898078 15
1763194750457 9.560656923566032 16
1763194805836 9.535774491813486 17
1763194861528 9.425403315292709 18
1763194917025 8.903591643805875 19
1763194972523 8.844020834035131 20
1763195027558 8.623458460032088 21
1763195080334 8.579607803693737 22
1763195097924 8.480888908365257 23
1763195113584 8.443190153338602 24
1763195129511 8.09510035465669 25
1763195145532 7.901042522331509 26
1763195161585 7.684090264392662 27
1763195177757 7.728532874163798 28
1763195194876 7.658672333210918 29
1763195212830 7.649778765988012 30
1763195230314 7.5529838737349 31
1763195246643 7.414857080261596 32
1763195265595 7.556513978245159 33
1763195283582 7.411985231504254 34
1763195301626 7.341587753071712 35
1763195319409 7.418572922156039 36
1763195337174 7.343204899401011 37
1763195355376 7.370893401027511 38
1763195373486 7.349507151720822 39
1763195392236 7.232503818586747 40
