1763194513705 46.98749792078388 1
1763194523966 29.393122199732105 2
1763194530426 12.114629643563333 3
1763194536876 10.717656816256428 4
1763194543399 10.057371275038678 5
1763194551146 9.707525736760685 6
1763194559211 9.363593425299173 7
1763194570484 9.358686955796955 8
1763194585877 8.863813814252165 9
1763194601658 8.763780573433676 10
1763194619507 8.327410422293388 11
1763194641128 8.2916789640977 12
1763194659208 7.805034617067382 13
1763194677236 7.537030709133493 14
1763194695282 7.478826181687283 15
1763194750457 7.002908393185705 16
1763194805829 6.963183905879181 17
1763194861518 6.933218044557865 18
1763194917015 6.546494258879153 19
1763194972523 6.4561713511960575 20
1763195027550 6.315377186323011 21
1763195080332 6.282627511124321 22
1763195097924 6.190339994803183 23
1763195113580 6.196211856913859 24
1763195129511 5.9348894637384495 25
1763195145532 5.762101858288201 26
1763195161584 5.615829387990044 27
1763195177753 5.646585978868476 28
1763195194876 5.6015680202985285 29
1763195212827 5.595662693576366 30
1763195230311 5.4891330651580095 31
1763195246643 5.420059862636607 32
1763195265593 5.531557716854917 33
1763195283564 5.367375518305374 34
1763195301610 5.318018648774546 35
1763195319409 5.373256077229389 36
1763195337174 5.332238425359447 37
1763195355376 5.326413717810672 38
1763195373470 5.283288953584574 39
1763195392235 5.2096448914888125 40
